<?xml version="1.0"?>
<opencv_storage>
<calibration_Time>"Thu May 15 14:59:53 2014"</calibration_Time>
<nrOfFrames>25</nrOfFrames>
<image_Width>640</image_Width>
<image_Height>480</image_Height>
<board_Width>8</board_Width>
<board_Height>6</board_Height>
<square_Size>50.</square_Size>
<FixAspectRatio>1.</FixAspectRatio>
<!-- flags:  +fix_aspectRatio +fix_principal_point +zero_tangent_dist -->
<flagValue>14</flagValue>
<Camera_Matrix type_id="opencv-matrix">
  <rows>3</rows>
  <cols>3</cols>
  <dt>d</dt>
  <data>
    5.6347187514787140e+02 0. 3.1950000000000000e+02 0.
    5.6347187514787140e+02 2.3950000000000000e+02 0. 0. 1.</data></Camera_Matrix>
<Distortion_Coefficients type_id="opencv-matrix">
  <rows>5</rows>
  <cols>1</cols>
  <dt>d</dt>
  <data>
    2.0572781732314024e-01 -1.1679649610352063e+00 0. 0.
    1.7151694726733724e+00</data></Distortion_Coefficients>
<Avg_Reprojection_Error>9.0647127662462534e-01</Avg_Reprojection_Error>
<Per_View_Reprojection_Errors type_id="opencv-matrix">
  <rows>25</rows>
  <cols>1</cols>
  <dt>f</dt>
  <data>
    7.24594474e-01 6.48307741e-01 6.15206063e-01 6.02214396e-01
    5.83789229e-01 5.75882614e-01 5.00704110e-01 7.16010332e-01
    1.78312016e+00 1.08047664e+00 1.11913621e+00 1.13581657e+00
    1.19285166e+00 1.26179516e+00 8.63625467e-01 9.29110408e-01
    1.01947093e+00 9.97435093e-01 8.02907705e-01 5.80731213e-01
    1.08430064e+00 5.90267360e-01 5.03765404e-01 6.31197572e-01
    8.44936252e-01</data></Per_View_Reprojection_Errors>
<!-- a set of 6-tuples (rotation vector + translation vector) for each view -->
<Extrinsic_Parameters type_id="opencv-matrix">
  <rows>25</rows>
  <cols>6</cols>
  <dt>d</dt>
  <data>
    -6.7178795750147047e-01 -4.1346633884270321e-03
    1.7157510134120524e-01 -5.5018149175438268e+01
    8.9440874724299633e+00 7.9288103736058861e+02
    -7.9441474869510842e-01 2.8363994018170861e-02
    -3.5916057511170773e-03 -8.5465483041838397e+01
    -1.2171083515168881e+02 8.2704842446392070e+02
    -8.0054466335743690e-01 2.2146845045033350e-02
    -1.7094861531343684e-02 -9.3328851200784939e+01
    -1.2328814270337384e+02 8.2732608322459805e+02
    -7.9771764480590235e-01 2.2870317930214445e-02
    -1.6559852592042412e-02 -9.4938311166902238e+01
    -1.2350967609494310e+02 8.2644464370243452e+02
    -7.9222190902640477e-01 2.0993420833683361e-02
    -1.7180519489281690e-02 -9.5853876828402448e+01
    -1.2407376797833619e+02 8.2456736306229607e+02
    -7.7247682288156660e-01 1.9206019974723168e-02
    -1.4372505412193495e-02 -9.7548889656073911e+01
    -1.2569629653689289e+02 8.1843459841648848e+02
    -5.1000902738024978e-01 -4.1949195239100477e-02
    -9.5512677925312962e-03 -1.4036654578805963e+02
    -1.7359028570815445e+02 7.3898009345949333e+02
    -3.7549596607756741e-01 -8.5759001634993143e-02
    -2.2569545059176275e-02 -1.6731446032040608e+02
    -1.9063201549451549e+02 6.9486600498326914e+02
    2.4228924068683522e-01 -4.2773165565167848e-01
    -5.1016670873321603e-02 -1.7570468320460313e+02
    -1.1749717039601352e+02 4.0090715703592997e+02
    2.2064220926155653e-01 -4.8066154771749403e-01
    -5.3458853703331505e-02 -4.6253825794203898e+01
    -1.1826587985565646e+02 5.0040673195651601e+02
    2.1675011471019201e-01 -4.8898890804669504e-01
    -4.9508391092700603e-02 -9.3682958967865950e+00
    -1.1141395373698472e+02 5.2233526615047253e+02
    2.1389242017227167e-01 -4.8365469773818209e-01
    -5.1918988856046858e-02 8.5817544529938168e+00
    -1.0784019579486566e+02 5.3427568803763552e+02
    2.1368303239606987e-01 -4.8501791921586845e-01
    -4.5644825528443740e-02 2.4188377584179023e+01
    -1.0897926787408527e+02 5.3905155676383276e+02
    1.8557775246331912e-01 -4.4379339683734592e-01
    -4.5126198006479122e-02 3.1214135839444523e+01
    -1.1236486787390871e+02 5.5149552404580163e+02
    -1.8323670552448054e-01 8.1713302376853514e-01
    -4.4147328812064474e-03 1.1172341666301254e+02
    -7.2770469379842822e+01 9.1918510088262792e+02
    -1.1218370531603890e-01 8.5712926365968478e-01
    -2.2976781838455786e-02 -1.8487424543306982e+01
    -5.4605146055135648e+01 9.6511167429529280e+02
    -8.1544144806228486e-02 8.7487333279746204e-01
    -3.1964202930243969e-02 -6.9326255682974718e+01
    -3.3413073715400849e+01 9.4907600639237751e+02
    -1.0092542422571796e-01 7.8393229209170934e-01
    1.8879115435917761e-03 -1.1721961014351507e+02
    -3.5058994658113299e+01 9.4288796133101152e+02
    -1.3350643086739919e-01 5.1393571964832618e-01
    1.8956359158701735e-02 -2.1415161855831863e+02
    -3.0601587902154535e+01 8.8443371326453916e+02
    -8.9775461486039695e-02 1.3649993554411502e-01
    -4.2661461307290293e-03 -3.2718934790895219e+02
    -2.0598363379543674e+01 7.9020203074854055e+02
    -1.0347073977005653e-02 -2.5863246327632011e-01
    -6.6986496626363787e-02 -3.2932239173049732e+02
    -8.7730216265466396e+01 6.4007493506342405e+02
    -2.3172434654743240e-01 2.3860213056149090e-02
    -1.4241153536503962e-02 -7.6167194306463315e+01
    -7.6424958189092422e+01 8.1322447977573177e+02
    -6.1827983903191064e-01 3.8446317100584076e-02
    1.7642009270738769e-03 -2.7257186504700627e+01
    -8.8396128669830006e+01 9.5598445074936001e+02
    -7.6694800268703511e-01 5.2337974327812301e-02
    -8.1785595322321769e-03 -2.2509618893275007e+01
    -9.0792435933676799e+01 1.0023770225488227e+03
    -8.6354789413921940e-01 5.0131381902833123e-02
    -2.3763978795716109e-02 -2.6325214803676236e+01
    -9.6831956283203795e+01 1.0297094253396883e+03</data></Extrinsic_Parameters>
