# Created by Octave 3.8.1, Mon Apr 28 11:21:50 2014 CEST <moiri@hesinde>
# name: X
# type: matrix
# rows: 31
# columns: 1
 306.250521321285
 306.250521321285
 305.4695971470881
 306.250521321285
 305.4695971470881
 305.4695971470881
 306.250521321285
 306.250521321285
 306.250521321285
 306.250521321285
 305.4695971470881
 306.250521321285
 306.250521321285
 307.0314454954818
 305.4695971470881
 305.4695971470881
 305.4695971470881
 306.250521321285
 305.4695971470881
 305.4695971470881
 218.7870138112364
 184.4263501465744
 157.874928223881
 133.6662788237782
 111.800401946266
 93.83914593973822
 76.6588141074073
 61.82125479766688
 45.42184713953276
 30.58428782979234
 18.08950104264255


# name: Y
# type: matrix
# rows: 31
# columns: 1
 323.7049925957265
 304.1818882408049
 282.3160113632928
 262.0119828341744
 240.1461059566622
 219.8420774275438
 199.5380488984253
 180.0149445435038
 162.0536885369759
 143.3115083562512
 126.1311765239202
 109.7317688657861
 94.89420955604568
 80.0566502463053
 65.2190909365649
 51.94337997521822
 39.44859318806841
 26.95380640091861
 13.67809543957193
 2.745157000815851
 3.526081175012713
 2.745157000815851
 3.526081175012713
 4.307005349209575
 6.649777871800168
 6.649777871800168
 8.211626220193892
 8.211626220193892
 10.55439874278449
 12.11624709117821
 12.89717126537506


